FN,FP,TN,TP,sr,t
276.0,737.6,1106.4,184.0,1,11656.392857142857
276.1,97.1,1746.9,183.9,24,11656.392857142857
205.7,89.2,1754.8,254.3,47,11656.392857142857
180.7,108.9,1735.1,279.3,70,11656.392857142857
160.8,97.8,1746.2,299.2,93,11656.392857142857
179.1,87.1,1756.9,280.9,116,11656.392857142857
134.6,106.5,1737.5,325.4,139,11656.392857142857
146.3,78.1,1765.9,313.7,162,11656.392857142857
160.5,75.4,1768.6,299.5,185,11656.392857142857
137.9,70.7,1773.3,322.1,208,11656.392857142857
131.4,72.3,1771.7,328.6,231,11656.392857142857
118.9,70.0,1774.0,341.1,254,11656.392857142857
101.2,87.7,1756.3,358.8,277,11656.392857142857
116.7,67.5,1776.5,343.3,300,11656.392857142857
113.4,71.4,1772.6,346.6,323,11656.392857142857
114.6,65.1,1778.9,345.4,346,11656.392857142857
117.0,62.2,1781.8,343.0,369,11656.392857142857
111.2,59.8,1784.2,348.8,392,11656.392857142857
109.9,61.0,1783.0,350.1,415,11656.392857142857
100.0,62.6,1781.4,360.0,438,11656.392857142857
79.0,64.3,1779.7,381.0,461,11656.392857142857
97.0,57.2,1786.8,363.0,484,11656.392857142857
97.3,53.2,1790.8,362.7,507,11656.392857142857
95.6,46.5,1797.5,364.4,530,11656.392857142857
84.5,60.2,1783.8,375.5,553,11656.392857142857
83.6,50.7,1793.3,376.4,576,11656.392857142857
91.2,46.5,1797.5,368.8,599,11656.392857142857
85.8,48.4,1795.6,374.2,622,11656.392857142857
90.5,52.7,1791.3,369.5,645,11656.392857142857
84.7,47.9,1796.1,375.3,668,11656.392857142857
76.5,48.6,1795.4,383.5,691,11656.392857142857
79.8,46.6,1797.4,380.2,714,11656.392857142857
76.4,45.1,1798.9,383.6,737,11656.392857142857
74.9,47.3,1796.7,385.1,760,11656.392857142857
72.5,49.6,1794.4,387.5,783,11656.392857142857
73.6,37.9,1806.1,386.4,806,11656.392857142857
75.2,40.0,1804.0,384.8,829,11656.392857142857
68.9,43.2,1800.8,391.1,852,11656.392857142857
77.9,35.9,1808.1,382.1,875,11656.392857142857
66.0,44.3,1799.7,394.0,898,11656.392857142857
67.4,39.7,1804.3,392.6,921,11656.392857142857
71.0,34.4,1809.6,389.0,944,11656.392857142857
70.9,37.8,1806.2,389.1,967,11656.392857142857
68.7,35.8,1808.2,391.3,990,11656.392857142857
62.4,37.0,1807.0,397.6,1013,11656.392857142857
61.6,36.2,1807.8,398.4,1036,11656.392857142857
63.6,34.1,1809.9,396.4,1059,11656.392857142857
59.3,36.0,1808.0,400.7,1082,11656.392857142857
60.8,32.9,1811.1,399.2,1105,11656.392857142857
63.6,31.9,1812.1,396.4,1128,11656.392857142857
58.0,32.5,1811.5,402.0,1151,11656.392857142857
52.8,32.8,1811.2,407.2,1174,11656.392857142857
63.1,27.9,1816.1,396.9,1197,11656.392857142857
58.4,28.9,1815.1,401.6,1220,11656.392857142857
62.7,28.9,1815.1,397.3,1243,11656.392857142857
56.4,26.9,1817.1,403.6,1266,11656.392857142857
52.5,28.8,1815.2,407.5,1289,11656.392857142857
50.3,29.7,1814.3,409.7,1312,11656.392857142857
48.9,24.6,1819.4,411.1,1335,11656.392857142857
57.3,22.6,1821.4,402.7,1358,11656.392857142857
53.3,25.2,1818.8,406.7,1381,11656.392857142857
52.1,30.6,1813.4,407.9,1404,11656.392857142857
51.0,27.6,1816.4,409.0,1427,11656.392857142857
52.0,25.8,1818.2,408.0,1450,11656.392857142857
48.5,23.0,1821.0,411.5,1473,11656.392857142857
52.4,20.7,1823.3,407.6,1496,11656.392857142857
51.2,23.0,1821.0,408.8,1519,11656.392857142857
47.2,23.2,1820.8,412.8,1542,11656.392857142857
50.9,19.6,1824.4,409.1,1565,11656.392857142857
48.0,19.6,1824.4,412.0,1588,11656.392857142857
47.0,23.6,1820.4,413.0,1611,11656.392857142857
45.8,18.4,1825.6,414.2,1634,11656.392857142857
42.9,22.5,1821.5,417.1,1657,11656.392857142857
42.4,19.9,1824.1,417.6,1680,11656.392857142857
44.3,19.3,1824.7,415.7,1703,11656.392857142857
42.7,19.4,1824.6,417.3,1726,11656.392857142857
39.9,18.9,1825.1,420.1,1749,11656.392857142857
40.5,17.3,1826.7,419.5,1772,11656.392857142857
38.5,18.3,1825.7,421.5,1795,11656.392857142857
38.8,18.1,1825.9,421.2,1818,11656.392857142857
39.1,17.1,1826.9,420.9,1841,11656.392857142857
37.1,16.9,1827.1,422.9,1864,11656.392857142857
38.8,15.5,1828.5,421.2,1887,11656.392857142857
38.2,13.4,1830.6,421.8,1910,11656.392857142857
40.0,13.0,1831.0,420.0,1933,11656.392857142857
32.7,14.0,1830.0,427.3,1956,11656.392857142857
34.3,13.6,1830.4,425.7,1979,11656.392857142857
34.4,12.3,1831.7,425.6,2002,11656.392857142857
35.4,12.9,1831.1,424.6,2025,11656.392857142857
36.1,10.2,1833.8,423.9,2048,11656.392857142857
34.2,11.3,1832.7,425.8,2071,11656.392857142857
34.7,10.3,1833.7,425.3,2094,11656.392857142857
33.1,10.6,1833.4,426.9,2117,11656.392857142857
31.5,11.4,1832.6,428.5,2140,11656.392857142857
31.3,8.6,1835.4,428.7,2163,11656.392857142857
32.3,8.8,1835.2,427.7,2186,11656.392857142857
30.5,8.0,1836.0,429.5,2209,11656.392857142857
30.7,9.8,1834.2,429.3,2232,11656.392857142857
31.4,8.5,1835.5,428.6,2255,11656.392857142857
30.6,7.7,1836.3,429.4,2278,11656.392857142857
30.2,8.2,1835.8,429.8,2301,11656.392857142857
